9:40 PM - 6 Dec 2015|If passport lost damaged floods pl go three PSKs Chennai They issue u fresh passport free charge Pl RT|14K|8.8K
1:40 AM - 7 Dec 2015|T 2083 - INDIA WINS 3-0 Dho daala Against No 1 team world South Africa Well done India Well done team Well done VIRAT|615|1.4K
