11:30 AM - 1 Dec 2015|For oily skin blend one banana spoon honey couple drops lemon juice leave face mask ten minutes|75|130
1:00 PM - 24 Nov 2015|When you're airport add jpg end URL bypass expensive WiFi access Internet free|470|868
